  0.100000001      0.125581041    
  0.200000003      0.250666469    
  0.300000012      0.374762654    
  0.400000006      0.497379810    
  0.500000000      0.618034005    
  0.600000024      0.736249149    
  0.699999988      0.851558566    
  0.800000012      0.963507414    
  0.899999976       1.07165360    
   1.00000000       1.17557049    
   1.10000002       1.27484810    
   1.20000005       1.36909437    
   1.29999995       1.45793724    
   1.39999998       1.54102647    
   1.50000000       1.61803401    
   1.60000002       1.68865585    
   1.70000005       1.75261343    
   1.79999995       1.80965412    
   1.89999998       1.85955298    
   2.00000000       1.90211308    
   2.09999990       1.93716633    
   2.20000005       1.96457458    
   2.29999995       1.98422945    
   2.40000010       1.99605346    
   2.50000000       2.00000000    
   2.59999990       1.99605346    
   2.70000005       1.98422933    
   2.79999995       1.96457446    
   2.90000010       1.93716621    
   3.00000000       1.90211296    
   3.09999990       1.85955298    
   3.20000005       1.80965400    
   3.29999995       1.75261319    
   3.40000010       1.68865573    
   3.50000000       1.61803401    
   3.59999990       1.54102647    
   3.70000005       1.45793724    
   3.79999995       1.36909413    
   3.90000010       1.27484787    
   4.00000000       1.17557037    
   4.09999990       1.07165337    
   4.19999981      0.963507533    
   4.30000019      0.851558328    
   4.40000010      0.736248791    
   4.50000000      0.618033588    
   4.59999990      0.497379810    
   4.69999981      0.374762595    
   4.80000019      0.250665933    
   4.90000010      0.125580922    
   5.00000000      -1.74845553E-07
   5.09999990     -0.125581264    
   5.19999981     -0.250666261    
   5.30000019     -0.374762952    
   5.40000010     -0.497380137    
   5.50000000     -0.618033946    
   5.59999990     -0.736249089    
   5.69999981     -0.851558626    
   5.80000019     -0.963507831    
   5.90000010      -1.07165372    
   6.00000000      -1.17557073    
   6.09999990      -1.27484822    
   6.19999981      -1.36909413    
   6.30000019      -1.45793748    
   6.40000010      -1.54102671    
   6.50000000      -1.61803424    
   6.59999990      -1.68865609    
   6.69999981      -1.75261319    
   6.80000019      -1.80965436    
   6.90000010      -1.85955322    
   7.00000000      -1.90211296    
   7.09999990      -1.93716633    
   7.19999981      -1.96457446    
   7.30000019      -1.98422956    
   7.40000010      -1.99605346    
   7.50000000      -2.00000000    
   7.59999990      -1.99605346    
   7.69999981      -1.98422945    
   7.80000019      -1.96457446    
   7.90000010      -1.93716621    
   8.00000000      -1.90211296    
   8.10000038      -1.85955286    
   8.19999981      -1.80965400    
   8.30000019      -1.75261319    
   8.39999962      -1.68865609    
   8.50000000      -1.61803365    
   8.60000038      -1.54102612    
   8.69999981      -1.45793748    
   8.80000019      -1.36909366    
   8.89999962      -1.27484810    
   9.00000000      -1.17556989    
   9.10000038      -1.07165289    
   9.19999981     -0.963507414    
   9.30000019     -0.851557732    
   9.39999962     -0.736249089    
   9.50000000     -0.618033886    
   9.60000038     -0.497378707    
   9.69999981     -0.374762446    
   9.80000019     -0.250666231    
   9.89999962     -0.125580743    
   10.0000000       3.49691106E-07
